index,age,capital-gain,capital-loss,education-num,education_level,hours-per-week,income,marital-status,native-country,occupation,race,relationship,sex,workclass
0.0,0,41432,43082,0,0,0,0,0,0,0,0,0,0,0
1.0,0,0,0,72,0,12,0,0,0,0,0,0,0,0
2.0,0,0,0,222,0,24,0,0,0,0,0,0,0,0
3.0,0,0,0,449,0,35,0,0,0,0,0,0,0,0
4.0,0,0,0,823,0,47,0,0,0,0,0,0,0,0
5.0,0,0,0,676,0,60,0,0,0,0,0,0,0,0
6.0,0,0,0,1223,0,59,0,0,0,0,0,0,0,0
7.0,0,0,0,1619,0,32,0,0,0,0,0,0,0,0
8.0,0,0,0,577,0,152,0,0,0,0,0,0,0,0
9.0,0,0,0,14783,0,24,0,0,0,0,0,0,0,0
10.0,0,0,0,9899,0,332,0,0,0,0,0,0,0,0
11.0,0,0,0,1959,0,16,0,0,0,0,0,0,0,0
12.0,0,0,0,1507,0,201,0,0,0,0,0,0,0,0
13.0,0,0,0,7570,0,22,0,0,0,0,0,0,0,0
14.0,0,0,0,2514,0,41,0,0,0,0,0,0,0,0
15.0,0,0,0,785,0,519,0,0,0,0,0,0,0,0
16.0,0,0,0,544,0,253,0,0,0,0,0,0,0,0
17,493,0,0,0,0,40,0,0,0,0,0,0,0,0
18,695,0,0,0,0,112,0,0,0,0,0,0,0,0
19,864,0,0,0,0,19,0,0,0,0,0,0,0,0
20,916,0,0,0,0,1602,0,0,0,0,0,0,0,0
21,935,0,0,0,0,41,0,0,0,0,0,0,0,0
22,1034,0,0,0,0,56,0,0,0,0,0,0,0,0
23,1241,0,0,0,0,34,0,0,0,0,0,0,0,0
24,1130,0,0,0,0,304,0,0,0,0,0,0,0,0
25,1133,0,0,0,0,820,0,0,0,0,0,0,0,0
26,1092,0,0,0,0,37,0,0,0,0,0,0,0,0
27,1157,0,0,0,0,39,0,0,0,0,0,0,0,0
28,1198,0,0,0,0,123,0,0,0,0,0,0,0,0
29,1157,0,0,0,0,12,0,0,0,0,0,0,0,0
30,1215,0,0,0,0,1467,0,0,0,0,0,0,0,0
31,1274,0,0,0,0,12,0,0,0,0,0,0,0,0
32,1196,0,0,0,0,371,0,0,0,0,0,0,0,0
33,1279,0,0,0,0,59,0,0,0,0,0,0,0,0
34,1234,0,0,0,0,47,0,0,0,0,0,0,0,0
35,1272,0,0,0,0,1776,0,0,0,0,0,0,0,0
36,1283,0,0,0,0,308,0,0,0,0,0,0,0,0
37,1229,0,0,0,0,236,0,0,0,0,0,0,0,0
38,1211,0,0,0,0,681,0,0,0,0,0,0,0,0
39,1169,0,0,0,0,62,0,0,0,0,0,0,0,0
40,1144,0,0,0,0,21358,0,0,0,0,0,0,0,0
41,1174,0,0,0,0,56,0,0,0,0,0,0,0,0
42,1113,0,0,0,0,326,0,0,0,0,0,0,0,0
43,1065,0,0,0,0,219,0,0,0,0,0,0,0,0
44,1035,0,0,0,0,301,0,0,0,0,0,0,0,0
45,1049,0,0,0,0,2602,0,0,0,0,0,0,0,0
46,1062,0,0,0,0,127,0,0,0,0,0,0,0,0
47,1038,0,0,0,0,82,0,0,0,0,0,0,0,0
48,815,0,0,0,0,733,0,0,0,0,0,0,0,0
49,810,0,0,0,0,36,0,0,0,0,0,0,0,0
50,829,0,0,0,0,4094,0,0,0,0,0,0,0,0
51,835,0,0,0,0,20,0,0,0,0,0,0,0,0
52,700,0,0,0,0,200,0,0,0,0,0,0,0,0
53,689,0,0,0,0,34,0,0,0,0,0,0,0,0
54,584,0,0,0,0,58,0,0,0,0,0,0,0,0
55,574,0,0,0,0,1020,0,0,0,0,0,0,0,0
56,534,0,0,0,0,133,0,0,0,0,0,0,0,0
57,514,0,0,0,0,19,0,0,0,0,0,0,0,0
58,517,0,0,0,0,37,0,0,0,0,0,0,0,0
59,488,0,0,0,0,6,0,0,0,0,0,0,0,0
60,398,0,0,0,0,2085,0,0,0,0,0,0,0,0
61,394,0,0,0,0,4,0,0,0,0,0,0,0,0
62,328,0,0,0,0,23,0,0,0,0,0,0,0,0
63,280,0,0,0,0,14,0,0,0,0,0,0,0,0
64,285,0,0,0,0,21,0,0,0,0,0,0,0,0
65,217,0,0,0,0,349,0,0,0,0,0,0,0,0
66,180,0,0,0,0,22,0,0,0,0,0,0,0,0
67,180,0,0,0,0,6,0,0,0,0,0,0,0,0
68,136,0,0,0,0,16,0,0,0,0,0,0,0,0
69,116,0,0,0,0,1,0,0,0,0,0,0,0,0
70,96,0,0,0,0,418,0,0,0,0,0,0,0,0
71,90,0,0,0,0,0,0,0,0,0,0,0,0,0
72,83,0,0,0,0,97,0,0,0,0,0,0,0,0
73,82,0,0,0,0,3,0,0,0,0,0,0,0,0
74,59,0,0,0,0,3,0,0,0,0,0,0,0,0
75,53,0,0,0,0,100,0,0,0,0,0,0,0,0
76,46,0,0,0,0,4,0,0,0,0,0,0,0,0
77,39,0,0,0,0,9,0,0,0,0,0,0,0,0
78,21,0,0,0,0,13,0,0,0,0,0,0,0,0
79,20,0,0,0,0,1,0,0,0,0,0,0,0,0
80,29,0,0,0,0,189,0,0,0,0,0,0,0,0
81,27,0,0,0,0,3,0,0,0,0,0,0,0,0
82,10,0,0,0,0,1,0,0,0,0,0,0,0,0
83,9,0,0,0,0,0,0,0,0,0,0,0,0,0
84,9,0,0,0,0,65,0,0,0,0,0,0,0,0
85,5,0,0,0,0,17,0,0,0,0,0,0,0,0
86,1,0,0,0,0,4,0,0,0,0,0,0,0,0
87,1,0,0,0,0,1,0,0,0,0,0,0,0,0
88,5,0,0,0,0,4,0,0,0,0,0,0,0,0
89,1,0,0,0,0,3,0,0,0,0,0,0,0,0
90,46,0,0,0,0,41,0,0,0,0,0,0,0,0
91.0,0,0,0,0,0,3,0,0,0,0,0,0,0,0
92.0,0,0,0,0,0,3,0,0,0,0,0,0,0,0
94.0,0,0,0,0,0,1,0,0,0,0,0,0,0,0
95.0,0,0,0,0,0,2,0,0,0,0,0,0,0,0
96.0,0,0,0,0,0,9,0,0,0,0,0,0,0,0
97.0,0,0,0,0,0,2,0,0,0,0,0,0,0,0
98.0,0,0,0,0,0,14,0,0,0,0,0,0,0,0
99.0,0,0,0,0,0,123,0,0,0,0,0,0,0,0
114.0,0,8,0,0,0,0,0,0,0,0,0,0,0,0
155.0,0,0,1,0,0,0,0,0,0,0,0,0,0,0
213.0,0,0,5,0,0,0,0,0,0,0,0,0,0,0
323.0,0,0,5,0,0,0,0,0,0,0,0,0,0,0
401.0,0,2,0,0,0,0,0,0,0,0,0,0,0,0
419.0,0,0,1,0,0,0,0,0,0,0,0,0,0,0
594.0,0,42,0,0,0,0,0,0,0,0,0,0,0,0
625.0,0,0,17,0,0,0,0,0,0,0,0,0,0,0
653.0,0,0,4,0,0,0,0,0,0,0,0,0,0,0
810.0,0,0,2,0,0,0,0,0,0,0,0,0,0,0
880.0,0,0,6,0,0,0,0,0,0,0,0,0,0,0
914.0,0,10,0,0,0,0,0,0,0,0,0,0,0,0
974.0,0,0,2,0,0,0,0,0,0,0,0,0,0,0
991.0,0,4,0,0,0,0,0,0,0,0,0,0,0,0
1055.0,0,31,0,0,0,0,0,0,0,0,0,0,0,0
1086.0,0,5,0,0,0,0,0,0,0,0,0,0,0,0
1092.0,0,0,11,0,0,0,0,0,0,0,0,0,0,0
1138.0,0,0,4,0,0,0,0,0,0,0,0,0,0,0
1151.0,0,13,0,0,0,0,0,0,0,0,0,0,0,0
1173.0,0,2,0,0,0,0,0,0,0,0,0,0,0,0
1258.0,0,0,5,0,0,0,0,0,0,0,0,0,0,0
1264.0,0,2,0,0,0,0,0,0,0,0,0,0,0,0
1340.0,0,0,11,0,0,0,0,0,0,0,0,0,0,0
1380.0,0,0,10,0,0,0,0,0,0,0,0,0,0,0
1408.0,0,0,32,0,0,0,0,0,0,0,0,0,0,0
1409.0,0,5,0,0,0,0,0,0,0,0,0,0,0,0
1411.0,0,0,3,0,0,0,0,0,0,0,0,0,0,0
1421.0,0,0,1,0,0,0,0,0,0,0,0,0,0,0
1424.0,0,4,0,0,0,0,0,0,0,0,0,0,0,0
1429.0,0,0,3,0,0,0,0,0,0,0,0,0,0,0
1455.0,0,3,0,0,0,0,0,0,0,0,0,0,0,0
1471.0,0,9,0,0,0,0,0,0,0,0,0,0,0,0
1485.0,0,0,65,0,0,0,0,0,0,0,0,0,0,0
1504.0,0,0,23,0,0,0,0,0,0,0,0,0,0,0
1506.0,0,23,0,0,0,0,0,0,0,0,0,0,0,0
1510.0,0,0,2,0,0,0,0,0,0,0,0,0,0,0
1539.0,0,0,1,0,0,0,0,0,0,0,0,0,0,0
1564.0,0,0,40,0,0,0,0,0,0,0,0,0,0,0
1573.0,0,0,10,0,0,0,0,0,0,0,0,0,0,0
1579.0,0,0,29,0,0,0,0,0,0,0,0,0,0,0
1590.0,0,0,58,0,0,0,0,0,0,0,0,0,0,0
1594.0,0,0,9,0,0,0,0,0,0,0,0,0,0,0
1602.0,0,0,40,0,0,0,0,0,0,0,0,0,0,0
1617.0,0,0,11,0,0,0,0,0,0,0,0,0,0,0
1628.0,0,0,22,0,0,0,0,0,0,0,0,0,0,0
1639.0,0,1,0,0,0,0,0,0,0,0,0,0,0,0
1648.0,0,0,2,0,0,0,0,0,0,0,0,0,0,0
1651.0,0,0,10,0,0,0,0,0,0,0,0,0,0,0
1668.0,0,0,8,0,0,0,0,0,0,0,0,0,0,0
1669.0,0,0,34,0,0,0,0,0,0,0,0,0,0,0
1672.0,0,0,49,0,0,0,0,0,0,0,0,0,0,0
1719.0,0,0,33,0,0,0,0,0,0,0,0,0,0,0
1721.0,0,0,22,0,0,0,0,0,0,0,0,0,0,0
1726.0,0,0,9,0,0,0,0,0,0,0,0,0,0,0
1731.0,0,1,0,0,0,0,0,0,0,0,0,0,0,0
1735.0,0,0,3,0,0,0,0,0,0,0,0,0,0,0
1740.0,0,0,57,0,0,0,0,0,0,0,0,0,0,0
1741.0,0,0,42,0,0,0,0,0,0,0,0,0,0,0
1755.0,0,0,2,0,0,0,0,0,0,0,0,0,0,0
1762.0,0,0,18,0,0,0,0,0,0,0,0,0,0,0
1797.0,0,8,0,0,0,0,0,0,0,0,0,0,0,0
1816.0,0,0,2,0,0,0,0,0,0,0,0,0,0,0
1825.0,0,0,4,0,0,0,0,0,0,0,0,0,0,0
1831.0,0,9,0,0,0,0,0,0,0,0,0,0,0,0
1844.0,0,0,2,0,0,0,0,0,0,0,0,0,0,0
1848.0,0,8,65,0,0,0,0,0,0,0,0,0,0,0
1870.0,0,0,1,0,0,0,0,0,0,0,0,0,0,0
1876.0,0,0,59,0,0,0,0,0,0,0,0,0,0,0
1887.0,0,0,228,0,0,0,0,0,0,0,0,0,0,0
1902.0,0,0,294,0,0,0,0,0,0,0,0,0,0,0
1911.0,0,0,1,0,0,0,0,0,0,0,0,0,0,0
1944.0,0,0,3,0,0,0,0,0,0,0,0,0,0,0
1974.0,0,0,27,0,0,0,0,0,0,0,0,0,0,0
1977.0,0,0,246,0,0,0,0,0,0,0,0,0,0,0
1980.0,0,0,36,0,0,0,0,0,0,0,0,0,0,0
2001.0,0,0,32,0,0,0,0,0,0,0,0,0,0,0
2002.0,0,0,31,0,0,0,0,0,0,0,0,0,0,0
2009.0,0,2,0,0,0,0,0,0,0,0,0,0,0,0
2036.0,0,5,0,0,0,0,0,0,0,0,0,0,0,0
2042.0,0,0,12,0,0,0,0,0,0,0,0,0,0,0
2050.0,0,3,0,0,0,0,0,0,0,0,0,0,0,0
2051.0,0,0,29,0,0,0,0,0,0,0,0,0,0,0
2057.0,0,0,15,0,0,0,0,0,0,0,0,0,0,0
2062.0,0,3,0,0,0,0,0,0,0,0,0,0,0,0
2080.0,0,0,1,0,0,0,0,0,0,0,0,0,0,0
2105.0,0,11,0,0,0,0,0,0,0,0,0,0,0,0
2129.0,0,0,5,0,0,0,0,0,0,0,0,0,0,0
2149.0,0,0,3,0,0,0,0,0,0,0,0,0,0,0
2163.0,0,0,1,0,0,0,0,0,0,0,0,0,0,0
2174.0,0,72,8,0,0,0,0,0,0,0,0,0,0,0
2176.0,0,28,0,0,0,0,0,0,0,0,0,0,0,0
2179.0,0,0,19,0,0,0,0,0,0,0,0,0,0,0
2201.0,0,0,1,0,0,0,0,0,0,0,0,0,0,0
2202.0,0,27,0,0,0,0,0,0,0,0,0,0,0,0
2205.0,0,0,16,0,0,0,0,0,0,0,0,0,0,0
2206.0,0,0,5,0,0,0,0,0,0,0,0,0,0,0
2228.0,0,3,0,0,0,0,0,0,0,0,0,0,0,0
2231.0,0,0,7,0,0,0,0,0,0,0,0,0,0,0
2238.0,0,0,4,0,0,0,0,0,0,0,0,0,0,0
2246.0,0,0,8,0,0,0,0,0,0,0,0,0,0,0
2258.0,0,0,39,0,0,0,0,0,0,0,0,0,0,0
2267.0,0,0,3,0,0,0,0,0,0,0,0,0,0,0
2282.0,0,0,2,0,0,0,0,0,0,0,0,0,0,0
2290.0,0,8,0,0,0,0,0,0,0,0,0,0,0,0
2329.0,0,5,0,0,0,0,0,0,0,0,0,0,0,0
2339.0,0,0,24,0,0,0,0,0,0,0,0,0,0,0
2346.0,0,5,0,0,0,0,0,0,0,0,0,0,0,0
2352.0,0,0,2,0,0,0,0,0,0,0,0,0,0,0
2354.0,0,20,0,0,0,0,0,0,0,0,0,0,0,0
2377.0,0,0,21,0,0,0,0,0,0,0,0,0,0,0
2387.0,0,1,0,0,0,0,0,0,0,0,0,0,0,0
2392.0,0,0,10,0,0,0,0,0,0,0,0,0,0,0
2407.0,0,23,0,0,0,0,0,0,0,0,0,0,0,0
2414.0,0,7,0,0,0,0,0,0,0,0,0,0,0,0
2415.0,0,0,68,0,0,0,0,0,0,0,0,0,0,0
2444.0,0,0,20,0,0,0,0,0,0,0,0,0,0,0
2457.0,0,0,2,0,0,0,0,0,0,0,0,0,0,0
2463.0,0,15,0,0,0,0,0,0,0,0,0,0,0,0
2467.0,0,0,2,0,0,0,0,0,0,0,0,0,0,0
2472.0,0,0,4,0,0,0,0,0,0,0,0,0,0,0
2538.0,0,4,0,0,0,0,0,0,0,0,0,0,0,0
2547.0,0,0,5,0,0,0,0,0,0,0,0,0,0,0
2559.0,0,0,17,0,0,0,0,0,0,0,0,0,0,0
2580.0,0,19,0,0,0,0,0,0,0,0,0,0,0,0
2597.0,0,29,0,0,0,0,0,0,0,0,0,0,0,0
2603.0,0,0,5,0,0,0,0,0,0,0,0,0,0,0
2635.0,0,13,0,0,0,0,0,0,0,0,0,0,0,0
2653.0,0,9,0,0,0,0,0,0,0,0,0,0,0,0
2754.0,0,0,2,0,0,0,0,0,0,0,0,0,0,0
2824.0,0,0,12,0,0,0,0,0,0,0,0,0,0,0
2829.0,0,40,0,0,0,0,0,0,0,0,0,0,0,0
2885.0,0,28,0,0,0,0,0,0,0,0,0,0,0,0
2907.0,0,17,0,0,0,0,0,0,0,0,0,0,0,0
2936.0,0,3,0,0,0,0,0,0,0,0,0,0,0,0
2961.0,0,2,0,0,0,0,0,0,0,0,0,0,0,0
2964.0,0,10,0,0,0,0,0,0,0,0,0,0,0,0
2977.0,0,11,0,0,0,0,0,0,0,0,0,0,0,0
2993.0,0,2,0,0,0,0,0,0,0,0,0,0,0,0
3004.0,0,0,4,0,0,0,0,0,0,0,0,0,0,0
3103.0,0,146,0,0,0,0,0,0,0,0,0,0,0,0
3137.0,0,50,0,0,0,0,0,0,0,0,0,0,0,0
3175.0,0,0,2,0,0,0,0,0,0,0,0,0,0,0
3273.0,0,7,0,0,0,0,0,0,0,0,0,0,0,0
3325.0,0,81,0,0,0,0,0,0,0,0,0,0,0,0
3411.0,0,30,0,0,0,0,0,0,0,0,0,0,0,0
3418.0,0,5,0,0,0,0,0,0,0,0,0,0,0,0
3432.0,0,2,0,0,0,0,0,0,0,0,0,0,0,0
3456.0,0,5,0,0,0,0,0,0,0,0,0,0,0,0
3464.0,0,30,0,0,0,0,0,0,0,0,0,0,0,0
3471.0,0,10,0,0,0,0,0,0,0,0,0,0,0,0
3674.0,0,20,0,0,0,0,0,0,0,0,0,0,0,0
3683.0,0,0,2,0,0,0,0,0,0,0,0,0,0,0
3770.0,0,0,4,0,0,0,0,0,0,0,0,0,0,0
3781.0,0,14,0,0,0,0,0,0,0,0,0,0,0,0
3818.0,0,8,0,0,0,0,0,0,0,0,0,0,0,0
3887.0,0,8,0,0,0,0,0,0,0,0,0,0,0,0
3900.0,0,0,2,0,0,0,0,0,0,0,0,0,0,0
3908.0,0,41,0,0,0,0,0,0,0,0,0,0,0,0
3942.0,0,16,0,0,0,0,0,0,0,0,0,0,0,0
4064.0,0,52,0,0,0,0,0,0,0,0,0,0,0,0
4101.0,0,28,0,0,0,0,0,0,0,0,0,0,0,0
4356.0,0,0,1,0,0,0,0,0,0,0,0,0,0,0
4386.0,0,102,0,0,0,0,0,0,0,0,0,0,0,0
4416.0,0,23,0,0,0,0,0,0,0,0,0,0,0,0
4508.0,0,21,0,0,0,0,0,0,0,0,0,0,0,0
4650.0,0,62,0,0,0,0,0,0,0,0,0,0,0,0
4687.0,0,4,0,0,0,0,0,0,0,0,0,0,0,0
4787.0,0,34,0,0,0,0,0,0,0,0,0,0,0,0
4865.0,0,24,0,0,0,0,0,0,0,0,0,0,0,0
4931.0,0,4,0,0,0,0,0,0,0,0,0,0,0,0
4934.0,0,10,0,0,0,0,0,0,0,0,0,0,0,0
5013.0,0,116,0,0,0,0,0,0,0,0,0,0,0,0
5060.0,0,2,0,0,0,0,0,0,0,0,0,0,0,0
5178.0,0,137,0,0,0,0,0,0,0,0,0,0,0,0
5455.0,0,18,0,0,0,0,0,0,0,0,0,0,0,0
5556.0,0,5,0,0,0,0,0,0,0,0,0,0,0,0
5721.0,0,7,0,0,0,0,0,0,0,0,0,0,0,0
6097.0,0,2,0,0,0,0,0,0,0,0,0,0,0,0
6360.0,0,3,0,0,0,0,0,0,0,0,0,0,0,0
6418.0,0,14,0,0,0,0,0,0,0,0,0,0,0,0
6497.0,0,15,0,0,0,0,0,0,0,0,0,0,0,0
6514.0,0,9,0,0,0,0,0,0,0,0,0,0,0,0
6723.0,0,4,0,0,0,0,0,0,0,0,0,0,0,0
6767.0,0,4,0,0,0,0,0,0,0,0,0,0,0,0
6849.0,0,41,0,0,0,0,0,0,0,0,0,0,0,0
7262.0,0,1,0,0,0,0,0,0,0,0,0,0,0,0
7298.0,0,351,0,0,0,0,0,0,0,0,0,0,0,0
7430.0,0,14,0,0,0,0,0,0,0,0,0,0,0,0
7443.0,0,7,0,0,0,0,0,0,0,0,0,0,0,0
7688.0,0,391,0,0,0,0,0,0,0,0,0,0,0,0
7896.0,0,3,0,0,0,0,0,0,0,0,0,0,0,0
7978.0,0,2,0,0,0,0,0,0,0,0,0,0,0,0
8614.0,0,78,0,0,0,0,0,0,0,0,0,0,0,0
9386.0,0,23,0,0,0,0,0,0,0,0,0,0,0,0
9562.0,0,5,0,0,0,0,0,0,0,0,0,0,0,0
10520.0,0,64,0,0,0,0,0,0,0,0,0,0,0,0
10566.0,0,8,0,0,0,0,0,0,0,0,0,0,0,0
10605.0,0,16,0,0,0,0,0,0,0,0,0,0,0,0
11678.0,0,4,0,0,0,0,0,0,0,0,0,0,0,0
13550.0,0,40,0,0,0,0,0,0,0,0,0,0,0,0
14084.0,0,47,0,0,0,0,0,0,0,0,0,0,0,0
14344.0,0,34,0,0,0,0,0,0,0,0,0,0,0,0
15020.0,0,10,0,0,0,0,0,0,0,0,0,0,0,0
15024.0,0,498,0,0,0,0,0,0,0,0,0,0,0,0
15831.0,0,8,0,0,0,0,0,0,0,0,0,0,0,0
18481.0,0,2,0,0,0,0,0,0,0,0,0,0,0,0
20051.0,0,44,0,0,0,0,0,0,0,0,0,0,0,0
22040.0,0,1,0,0,0,0,0,0,0,0,0,0,0,0
25124.0,0,4,0,0,0,0,0,0,0,0,0,0,0,0
25236.0,0,14,0,0,0,0,0,0,0,0,0,0,0,0
27828.0,0,56,0,0,0,0,0,0,0,0,0,0,0,0
34095.0,0,4,0,0,0,0,0,0,0,0,0,0,0,0
41310.0,0,3,0,0,0,0,0,0,0,0,0,0,0,0
99999.0,0,229,0,0,0,0,0,0,0,0,0,0,0,0
 10th,0,0,0,0,1223,0,0,0,0,0,0,0,0,0
 11th,0,0,0,0,1619,0,0,0,0,0,0,0,0,0
 12th,0,0,0,0,577,0,0,0,0,0,0,0,0,0
 1st-4th,0,0,0,0,222,0,0,0,0,0,0,0,0,0
 5th-6th,0,0,0,0,449,0,0,0,0,0,0,0,0,0
 7th-8th,0,0,0,0,823,0,0,0,0,0,0,0,0,0
 9th,0,0,0,0,676,0,0,0,0,0,0,0,0,0
 Adm-clerical,0,0,0,0,0,0,0,0,0,5540,0,0,0,0
 Amer-Indian-Eskimo,0,0,0,0,0,0,0,0,0,0,435,0,0,0
 Armed-Forces,0,0,0,0,0,0,0,0,0,14,0,0,0,0
 Asian-Pac-Islander,0,0,0,0,0,0,0,0,0,0,1303,0,0,0
 Assoc-acdm,0,0,0,0,1507,0,0,0,0,0,0,0,0,0
 Assoc-voc,0,0,0,0,1959,0,0,0,0,0,0,0,0,0
 Bachelors,0,0,0,0,7570,0,0,0,0,0,0,0,0,0
 Black,0,0,0,0,0,0,0,0,0,0,4228,0,0,0
 Cambodia,0,0,0,0,0,0,0,0,26,0,0,0,0,0
 Canada,0,0,0,0,0,0,0,0,163,0,0,0,0,0
 China,0,0,0,0,0,0,0,0,113,0,0,0,0,0
 Columbia,0,0,0,0,0,0,0,0,82,0,0,0,0,0
 Craft-repair,0,0,0,0,0,0,0,0,0,6020,0,0,0,0
 Cuba,0,0,0,0,0,0,0,0,133,0,0,0,0,0
 Divorced,0,0,0,0,0,0,0,6297,0,0,0,0,0,0
 Doctorate,0,0,0,0,544,0,0,0,0,0,0,0,0,0
 Dominican-Republic,0,0,0,0,0,0,0,0,97,0,0,0,0,0
 Ecuador,0,0,0,0,0,0,0,0,43,0,0,0,0,0
 El-Salvador,0,0,0,0,0,0,0,0,147,0,0,0,0,0
 England,0,0,0,0,0,0,0,0,119,0,0,0,0,0
 Exec-managerial,0,0,0,0,0,0,0,0,0,5984,0,0,0,0
 Farming-fishing,0,0,0,0,0,0,0,0,0,1480,0,0,0,0
 Federal-gov,0,0,0,0,0,0,0,0,0,0,0,0,0,1406
 Female,0,0,0,0,0,0,0,0,0,0,0,0,14695,0
 France,0,0,0,0,0,0,0,0,36,0,0,0,0,0
 Germany,0,0,0,0,0,0,0,0,193,0,0,0,0,0
 Greece,0,0,0,0,0,0,0,0,49,0,0,0,0,0
 Guatemala,0,0,0,0,0,0,0,0,86,0,0,0,0,0
 HS-grad,0,0,0,0,14783,0,0,0,0,0,0,0,0,0
 Haiti,0,0,0,0,0,0,0,0,69,0,0,0,0,0
 Handlers-cleaners,0,0,0,0,0,0,0,0,0,2046,0,0,0,0
 Holand-Netherlands,0,0,0,0,0,0,0,0,1,0,0,0,0,0
 Honduras,0,0,0,0,0,0,0,0,19,0,0,0,0,0
 Hong,0,0,0,0,0,0,0,0,28,0,0,0,0,0
 Hungary,0,0,0,0,0,0,0,0,18,0,0,0,0,0
 Husband,0,0,0,0,0,0,0,0,0,0,0,18666,0,0
 India,0,0,0,0,0,0,0,0,147,0,0,0,0,0
 Iran,0,0,0,0,0,0,0,0,56,0,0,0,0,0
 Ireland,0,0,0,0,0,0,0,0,36,0,0,0,0,0
 Italy,0,0,0,0,0,0,0,0,100,0,0,0,0,0
 Jamaica,0,0,0,0,0,0,0,0,103,0,0,0,0,0
 Japan,0,0,0,0,0,0,0,0,89,0,0,0,0,0
 Laos,0,0,0,0,0,0,0,0,21,0,0,0,0,0
 Local-gov,0,0,0,0,0,0,0,0,0,0,0,0,0,3100
 Machine-op-inspct,0,0,0,0,0,0,0,0,0,2970,0,0,0,0
 Male,0,0,0,0,0,0,0,0,0,0,0,0,30527,0
 Married-AF-spouse,0,0,0,0,0,0,0,32,0,0,0,0,0,0
 Married-civ-spouse,0,0,0,0,0,0,0,21055,0,0,0,0,0,0
 Married-spouse-absent,0,0,0,0,0,0,0,552,0,0,0,0,0,0
 Masters,0,0,0,0,2514,0,0,0,0,0,0,0,0,0
 Mexico,0,0,0,0,0,0,0,0,903,0,0,0,0,0
 Never-married,0,0,0,0,0,0,0,14598,0,0,0,0,0,0
 Nicaragua,0,0,0,0,0,0,0,0,48,0,0,0,0,0
 Not-in-family,0,0,0,0,0,0,0,0,0,0,0,11702,0,0
 Other,0,0,0,0,0,0,0,0,0,0,353,0,0,0
 Other-relative,0,0,0,0,0,0,0,0,0,0,0,1349,0,0
 Other-service,0,0,0,0,0,0,0,0,0,4808,0,0,0,0
 Outlying-US(Guam-USVI-etc),0,0,0,0,0,0,0,0,22,0,0,0,0,0
 Own-child,0,0,0,0,0,0,0,0,0,0,0,6626,0,0
 Peru,0,0,0,0,0,0,0,0,45,0,0,0,0,0
 Philippines,0,0,0,0,0,0,0,0,283,0,0,0,0,0
 Poland,0,0,0,0,0,0,0,0,81,0,0,0,0,0
 Portugal,0,0,0,0,0,0,0,0,62,0,0,0,0,0
 Preschool,0,0,0,0,72,0,0,0,0,0,0,0,0,0
 Priv-house-serv,0,0,0,0,0,0,0,0,0,232,0,0,0,0
 Private,0,0,0,0,0,0,0,0,0,0,0,0,0,33307
 Prof-school,0,0,0,0,785,0,0,0,0,0,0,0,0,0
 Prof-specialty,0,0,0,0,0,0,0,0,0,6008,0,0,0,0
 Protective-serv,0,0,0,0,0,0,0,0,0,976,0,0,0,0
 Puerto-Rico,0,0,0,0,0,0,0,0,175,0,0,0,0,0
 Sales,0,0,0,0,0,0,0,0,0,5408,0,0,0,0
 Scotland,0,0,0,0,0,0,0,0,20,0,0,0,0,0
 Self-emp-inc,0,0,0,0,0,0,0,0,0,0,0,0,0,1646
 Self-emp-not-inc,0,0,0,0,0,0,0,0,0,0,0,0,0,3796
 Separated,0,0,0,0,0,0,0,1411,0,0,0,0,0,0
 Some-college,0,0,0,0,9899,0,0,0,0,0,0,0,0,0
 South,0,0,0,0,0,0,0,0,101,0,0,0,0,0
 State-gov,0,0,0,0,0,0,0,0,0,0,0,0,0,1946
 Taiwan,0,0,0,0,0,0,0,0,55,0,0,0,0,0
 Tech-support,0,0,0,0,0,0,0,0,0,1420,0,0,0,0
 Thailand,0,0,0,0,0,0,0,0,29,0,0,0,0,0
 Transport-moving,0,0,0,0,0,0,0,0,0,2316,0,0,0,0
 Trinadad&Tobago,0,0,0,0,0,0,0,0,26,0,0,0,0,0
 United-States,0,0,0,0,0,0,0,0,41292,0,0,0,0,0
 Unmarried,0,0,0,0,0,0,0,0,0,0,0,4788,0,0
 Vietnam,0,0,0,0,0,0,0,0,83,0,0,0,0,0
 White,0,0,0,0,0,0,0,0,0,0,38903,0,0,0
 Widowed,0,0,0,0,0,0,0,1277,0,0,0,0,0,0
 Wife,0,0,0,0,0,0,0,0,0,0,0,2091,0,0
 Without-pay,0,0,0,0,0,0,0,0,0,0,0,0,0,21
 Yugoslavia,0,0,0,0,0,0,0,0,23,0,0,0,0,0
<=50K,0,0,0,0,0,0,34014,0,0,0,0,0,0,0
>50K,0,0,0,0,0,0,11208,0,0,0,0,0,0,0
